trans_restart_version: 9
zoom: 2.441945
angle_axis: 1.088512 0.260241 0.960597 0.097614
translation: -0.122454 -0.168767 -0.111231
scale: 22.177952
outline: 2
perspective: 1
perspective_angle: 40.000000
perspective_z: -2.747478
axis_markers: 0
mouse_mode: 1
light_direction: 0.577350 0.577350 0.577350
rotation_center_on: 0
rotation_center: 0.000000 0.000000 0.000000
