trans_restart_version: 9
zoom: 3.965318
angle_axis: 0.987861 0.590284 0.769274 0.244504
translation: -0.018155 0.020141 -0.395440
scale: 0.403200
outline: 0
perspective: 1
perspective_angle: 40.000000
perspective_z: -2.747478
axis_markers: 1
mouse_mode: 1
light_direction: 0.577350 0.577350 0.577350
rotation_center_on: 0
rotation_center: 0.000000 0.000000 0.000000
